   0.0000000e+00   0.0000000e+00   6.0000000e+00   1.0000000e+00   0.0000000e+00   2.0000000e+00   2.0593000e+04  -1.0000000e+00   1.3898305e-01
   0.0000000e+00   1.0000000e+00   5.0000000e+00   3.0000000e+00   0.0000000e+00   2.0000000e+00   1.0291700e+05  -1.0000000e+00   2.3746675e-01
   0.0000000e+00   3.0000000e+00   1.0000000e+00   2.0000000e+00   0.0000000e+00   2.0000000e+00  -1.6922000e+04   1.0000000e+00   2.4035343e-01
   3.0000000e+00   5.0000000e+00   3.0000000e+00   1.0000000e+00   0.0000000e+00   4.0000000e+00   1.2346000e+04  -1.0000000e+00   2.9542014e-01
   1.0000000e+00   5.0000000e+00   5.0000000e+00   1.0000000e+00   1.0000000e+00   2.0000000e+00  -1.1716000e+04   1.0000000e+00   3.2598105e-01
   5.0000000e+00   0.0000000e+00   1.0000000e+00   3.0000000e+00   0.0000000e+00   2.0000000e+00   4.0417000e+04  -1.0000000e+00   3.5191700e-01
   1.0000000e+00   1.0000000e+00   1.0000000e+00   5.0000000e+00   0.0000000e+00   4.0000000e+00   9.2110000e+03  -1.0000000e+00   3.3552318e-01
   2.0000000e+00   5.0000000e+00   1.0000000e+00   1.0000000e+00   0.0000000e+00   2.0000000e+00  -5.1750000e+03   1.0000000e+00   4.1305819e-01
   5.0000000e+00   0.0000000e+00   1.0000000e+00   6.0000000e+00   0.0000000e+00   3.0000000e+00   4.8836000e+04   1.0000000e+00   3.2054434e-01
   1.0000000e+00   2.0000000e+00   4.0000000e+00   1.0000000e+00   1.0000000e+00   2.0000000e+00   1.5695000e+04   1.0000000e+00   3.6025916e-01
   4.0000000e+00   0.0000000e+00   2.0000000e+00   2.0000000e+00   0.0000000e+00   4.0000000e+00   7.6270000e+03  -1.0000000e+00   3.9008234e-01
   5.0000000e+00   1.0000000e+00   1.0000000e+00   1.0000000e+00   1.0000000e+00   2.0000000e+00  -9.9170000e+03   1.0000000e+00   4.1028954e-01
   4.0000000e+00   0.0000000e+00   1.0000000e+00   4.0000000e+00   0.0000000e+00   2.0000000e+00   8.0090000e+03  -1.0000000e+00   3.9871102e-01
   1.0000000e+00   2.0000000e+00   2.0000000e+00   1.0000000e+00   0.0000000e+00   2.0000000e+00   7.6390000e+03  -1.0000000e+00   3.8768439e-01
   5.0000000e+00   1.0000000e+00   1.0000000e+00   2.0000000e+00   0.0000000e+00   4.0000000e+00  -3.5500000e+03   1.0000000e+00   3.7458745e-01
   1.0000000e+00   0.0000000e+00   1.0000000e+00   1.0000000e+00   0.0000000e+00   2.0000000e+00   1.0566000e+04  -1.0000000e+00   4.0711996e-01
   0.0000000e+00   1.0000000e+00   2.0000000e+00   2.0000000e+00   1.0000000e+00   2.0000000e+00  -3.2472000e+04   1.0000000e+00   4.2951858e-01
   1.0000000e+00   3.0000000e+00   2.0000000e+00   3.0000000e+00   0.0000000e+00   4.0000000e+00  -2.3670000e+03  -1.0000000e+00   3.9321038e-01
   2.0000000e+00   0.0000000e+00   3.0000000e+00   1.0000000e+00   1.0000000e+00   2.0000000e+00  -6.2690000e+03   1.0000000e+00   4.4853049e-01
   3.0000000e+00   4.0000000e+00   1.0000000e+00   2.0000000e+00   0.0000000e+00   4.0000000e+00  -1.3250000e+03   1.0000000e+00   4.4943968e-01
   2.0000000e+00   0.0000000e+00   2.0000000e+00   1.0000000e+00   0.0000000e+00   2.0000000e+00   7.8530000e+03  -1.0000000e+00   4.7202861e-01
   4.0000000e+00   4.0000000e+00   1.0000000e+00   2.0000000e+00   0.0000000e+00   3.0000000e+00   6.5169000e+04   1.0000000e+00   4.7368612e-01
   2.0000000e+00   1.0000000e+00   1.0000000e+00   2.0000000e+00   0.0000000e+00   2.0000000e+00   1.8541000e+04  -1.0000000e+00   4.8120765e-01
   0.0000000e+00   2.0000000e+00   5.0000000e+00   2.0000000e+00   1.0000000e+00   3.0000000e+00   4.4632700e+05  -1.0000000e+00   4.5652180e-01
   2.0000000e+00   5.0000000e+00   4.0000000e+00   1.0000000e+00   0.0000000e+00   4.0000000e+00   1.8045000e+04  -1.0000000e+00   4.8908696e-01
   0.0000000e+00   0.0000000e+00   5.0000000e+00   2.0000000e+00   0.0000000e+00   3.0000000e+00   4.4016300e+05   1.0000000e+00   4.6483880e-01
   4.0000000e+00   2.0000000e+00   2.0000000e+00   2.0000000e+00   0.0000000e+00   4.0000000e+00  -8.2990000e+03   1.0000000e+00   4.9296997e-01
   1.0000000e+00   3.0000000e+00   4.0000000e+00   1.0000000e+00   1.0000000e+00   2.0000000e+00  -1.4504000e+04   1.0000000e+00   4.5051940e-01
   5.0000000e+00   0.0000000e+00   1.0000000e+00   2.0000000e+00   0.0000000e+00   2.0000000e+00   3.4813000e+04  -1.0000000e+00   4.5441883e-01
   0.0000000e+00   5.0000000e+00   3.0000000e+00   1.0000000e+00   0.0000000e+00   4.0000000e+00  -1.9890000e+03   1.0000000e+00   4.4809095e-01
   5.0000000e+00   2.0000000e+00   1.0000000e+00   4.0000000e+00   0.0000000e+00   4.0000000e+00   2.8772000e+04  -1.0000000e+00   4.9401167e-01
   3.0000000e+00   2.0000000e+00   3.0000000e+00   1.0000000e+00   1.0000000e+00   2.0000000e+00   3.5513000e+04   1.0000000e+00   4.2339450e-01
   5.0000000e+00   2.0000000e+00   1.0000000e+00   2.0000000e+00   0.0000000e+00   2.0000000e+00   1.7833000e+04  -1.0000000e+00   4.1667077e-01
   4.0000000e+00   1.0000000e+00   2.0000000e+00   1.0000000e+00   0.0000000e+00   4.0000000e+00  -3.6100000e+02  -1.0000000e+00   4.9008969e-01
   3.0000000e+00   4.0000000e+00   3.0000000e+00   1.0000000e+00   1.0000000e+00   3.0000000e+00   1.3137400e+05   1.0000000e+00   5.1418894e-01
   3.0000000e+00   4.0000000e+00   2.0000000e+00   1.0000000e+00   0.0000000e+00   3.0000000e+00   7.0048000e+04  -1.0000000e+00   4.6636628e-01
   2.0000000e+00   1.0000000e+00   1.0000000e+00   3.0000000e+00   0.0000000e+00   2.0000000e+00   6.5920000e+03  -1.0000000e+00   4.6591549e-01
   0.0000000e+00   4.0000000e+00   1.0000000e+00   1.0000000e+00   0.0000000e+00   4.0000000e+00  -1.4859000e+04   1.0000000e+00   4.7747686e-01
   5.0000000e+00   0.0000000e+00   1.0000000e+00   3.0000000e+00   0.0000000e+00   2.0000000e+00   3.6030000e+03  -1.0000000e+00   4.5097674e-01
   0.0000000e+00   2.0000000e+00   3.0000000e+00   4.0000000e+00   0.0000000e+00   4.0000000e+00  -7.8850000e+03  -1.0000000e+00   4.9214557e-01
